11.5
13.3
15.0
15.9
18.5
20.0
21.4
23.0
24.5
26.0
28.0
30.1
31.8
33.3
34.6
36.5
38.3
39.7
41.3
43.2
45.2
46.5
48.4
50.2
51.4
52.5
54.2
56.0
56.7
57.5
58.8
60.2
61.8
63.2
64.4
65.8
67.3
68.6
69.7
70.9
72.5
73.7
75.3
76.8
78.6
80.4
81.4
82.5
84.1
86.1
87.3
88.3
89.9
91.2
92.7
94.0
95.6
96.6
97.6
98.7
100.2
101.6
102.5
104.0
105.9
107.6
109.2
109.2
110.3
112.1
113.8
115.2
116.6
117.7
119.0
120.7
122.4
123.5
125.0
125.8
127.3
128.7
130.0
131.5
133.9
137.4
138.7
130.3
131.5
132.7
134.7
138.6
140.4
141.4
142.7
144.0
145.5
147.6
149.0
210.0